function [lidarRangeData] = getLidarRangeData()
    lidarRangeData = [0.39252743124961853, 0.41264405846595764, 0.4238888919353485,... 
        0.4197714030742645, 0.40296033024787903, 0.3940472900867462, 0.40062880516052246,... 
        0.40982019901275635,0.4179641008377075, 0.3916366398334503, 0.41454997658729553, 0.4093448519706726,... 
        0.39753150939941406, 0.4032071828842163, 0.42462316155433655, 0.42070746421813965, 0.40119612216949463,... 
        0.41219818592071533, 0.40920954942703247, 0.4152473211288452, 0.4332825243473053, 0.44117945432662964,... 
        0.4145091474056244, 0.4248104691505432, 0.4410943388938904,0.44298943877220154, 0.4576388895511627,... 
        0.4544290602207184, 0.45517265796661377, 0.4682128429412842, 0.457272469997406, 0.4672755300998688,... 
        0.4602298438549042, 0.47297990322113037, 0.47916316986083984, 0.5058237910270691, 0.47867465019226074,... 
        0.5085453987121582, 0.5075806379318237, 0.5069077014923096, 0.5295804738998413, 0.5162252187728882,... 
        0.5371224284172058, 0.5455082654953003, 0.5586361289024353, 0.5406711101531982, 0.5727260708808899,... 
        0.5590881705284119, 0.5850595831871033, 0.6013929843902588, 0.6122229695320129, 0.6084441542625427,... 
        0.6452930569648743, 0.656047523021698, 0.673079252243042, 0.6888568997383118, 0.6776543259620667,... 
        0.7120875120162964, 0.7135990262031555, 0.7499828934669495, 0.7818787693977356, 0.7906216979026794,... 
        0.8137038946151733, 0.8565794825553894, 0.8848956227302551, 0.9193429350852966, 0.9517077803611755,... 
        0.9754992127418518, 1.0213063955307007, 1.054275393486023, 1.1145602464675903, 1.1603412628173828,... 
        1.2487976551055908, 1.2873039245605469, 1.37812340259552, 1.461525559425354, 1.5158571004867554,... 
        1.6537494659423828, 1.7570403814315796, 1.9256539344787598, 2.0799081325531006, 2.2857909202575684,... 
        2.5250399112701416, 2.8252978324890137, 3.2298524379730225, 3.439950466156006, 3.454686164855957,... 
        3.437072515487671, 3.432544231414795, 3.4162096977233887, 3.436720371246338, 3.4136033058166504,... 
        3.424281120300293, 3.43644642829895, 3.4307522773742676, 3.410712957382202, 3.447246789932251,... 
        3.447298526763916, 3.4613285064697266, 3.4674065113067627, 3.4766407012939453, 3.4787447452545166,... 
        3.498685598373413, inf, inf, inf, inf,inf, inf, inf, inf, inf, inf, inf, inf, inf, inf, inf, inf, inf,... 
        inf, inf, inf, inf, inf, inf, inf, inf, inf, inf, inf, inf, inf, inf, inf, inf, inf, inf, inf, inf, inf,... 
        inf, inf, inf, inf, 1.7705013751983643, 1.764230489730835, inf, inf, inf, inf, inf, inf, inf, inf, inf, inf,... 
        inf, inf, inf, inf, 2.9582605361938477, inf, inf, inf, inf, inf, inf, inf, inf, 1.436973214149475, 1.4775620698928833,...
        inf, inf, inf, inf, inf, inf, inf, inf, inf, inf, inf, inf, inf, inf, inf, inf, inf, inf, inf, inf, inf, inf, inf, inf,...
        inf, inf, inf, inf, inf, inf, inf, inf, inf, inf, inf, inf, inf, inf, inf, inf, inf, inf, 3.4442005157470703,... 
        3.357001543045044, 3.2558741569519043, 3.1745517253875732, 3.104912042617798, 3.0402138233184814, 2.9616315364837646,... 
        2.909146785736084, 2.8581013679504395, 2.7963311672210693, 2.7316842079162598, 2.6871767044067383, 2.6379480361938477,... 
        2.606269121170044, 2.5478317737579346, 2.5287771224975586, 2.46097469329834, 2.4445748329162598, 2.4018445014953613,... 
        2.3676044940948486, 2.353846549987793, 2.326205253601074, 2.277078628540039, 2.256929397583008, 2.227311134338379,... 
        2.209892749786377, 2.177945137023926, 2.1519875526428223, 2.1374707221984863, 2.1156787872314453, 2.1117992401123047,... 
        2.073317050933838, 2.0609920024871826, 2.029111862182617, 2.0457675457000732, 2.0096325874328613, 2.017143964767456,... 
        1.9741994142532349, 1.976096749305725, 1.9561588764190674, 1.9556822776794434, 1.9446033239364624, 1.9395179748535156,... 
        1.9300986528396606, 1.9237600564956665, 1.9213793277740479, 1.9037842750549316, 1.9012236595153809, 1.9049665927886963,... 
        1.9022666215896606, 1.8961659669876099, 1.8709849119186401, 1.8839718103408813, 1.8793702125549316, 1.8873263597488403,... 
        1.865803599357605, 1.8600271940231323, 1.8742653131484985, 1.8865439891815186, 1.8692646026611328, 1.8651208877563477,... 
        1.8555221557617188, 1.878577709197998, 1.8735473155975342, 1.886694312095642, 1.8920238018035889, 1.9000784158706665,... 
        1.9092060327529907, 1.9087424278259277, 1.9072909355163574, 1.94091796875, 1.9289557933807373, 1.9351369142532349,... 
        1.9669660329818726, 1.9833828210830688, 1.9793462753295898, 1.9615284204483032, 1.996468424797058, 2.0038249492645264,... 
        2.0057437419891357, 2.0263843536376953, 0.9743992686271667, 0.941437304019928, 0.9032405614852905, 0.8908488154411316,... 
        0.8615217804908752, 0.823065996170044, 0.7954661250114441, 0.7882413268089294, 0.7585033178329468, 0.7299420833587646,... 
        0.7240294814109802, 0.6932230591773987, 0.6867943406105042, 0.6754760146141052, 0.646091103553772, 0.6370915174484253,... 
        0.6202369928359985, 0.601535975933075, 0.5990345478057861, 0.5924373865127563, 0.5789746642112732, 0.567939817905426,... 
        0.5597570538520813, 0.5589515566825867, 0.5302955508232117, 0.5273535847663879, 0.5375226736068726, 0.509792149066925,... 
        0.5174740552902222, 0.5110728144645691, 0.483126163482666, 0.48099806904792786, 0.48487862944602966, 0.47293996810913086,... 
        0.49076271057128906, 0.44985002279281616, 0.44777312874794006, 0.4678393304347992, 0.4498208165168762, 0.44957906007766724,... 
        0.450136661529541, 0.4477706551551819, 0.4416327178478241, 0.4485374093055725, 0.4369991719722748, 0.4447096586227417,... 
        0.43503764271736145, 0.4317798316478729, 0.4174487590789795, 0.42576465010643005, 0.41835808753967285, 0.41912153363227844,... 
        0.418630987405777, 0.41826772689819336, 0.4147460460662842, 0.4078028202056885, 0.400934636592865, 0.38995346426963806,... 
        0.4163813889026642, 0.40443137288093567, 0.3955557346343994, 0.4047255218029022, 0.4203244149684906, 0.4157435894012451,... 
        0.41026607155799866];
end